3.986429567897017634e+00
3.986205721430960303e+00
3.986072177369042180e+00
3.986003425952796331e+00
3.985990304242677418e+00
3.986007773747204386e+00
3.986049258272529539e+00
3.986108674430750121e+00
3.986157502100556638e+00
3.986207208989408723e+00
3.986255447249484440e+00
3.986285839383420182e+00
3.986311881764514453e+00
3.986329686769042091e+00
3.986342689030674347e+00
3.986358640951894738e+00
3.986363760918506305e+00
3.986376762527509943e+00
3.986395306415599471e+00
3.986412382327477300e+00
3.986430178846742223e+00
3.986445824640204805e+00
3.986464914205574583e+00
3.986487796750143087e+00
3.986511337240152386e+00
3.986528723196221868e+00
3.986537100255727495e+00
3.986531937861726327e+00
3.986517237865090380e+00
3.986497518420980768e+00
3.986466882820930202e+00
3.986429020914028509e+00
3.986389710612814774e+00
3.986336757727235725e+00
3.986283889043311213e+00
3.986227174509715088e+00
3.986170429298065532e+00
3.986122348344821376e+00
3.986068287786671327e+00
3.986023597081632008e+00
3.985979266679920308e+00
3.985932046669390605e+00
3.985896663808014662e+00
3.985856514756446867e+00
3.985821774828221198e+00
3.985796291178677286e+00
3.985758529791286975e+00
3.985734238015652409e+00
3.985709456697095643e+00
3.985679457503359391e+00
3.985658911057755383e+00
3.985629603751208005e+00
3.985607905900791170e+00
3.985584024036040063e+00
3.985554421045649054e+00
3.985534719225189093e+00
3.985508167066542651e+00
3.985481766992510444e+00
3.985461073031586476e+00
3.985435411841380393e+00
3.985418961238969437e+00
3.985395920735157027e+00
3.985371179233017092e+00
3.985352148412611761e+00
3.985331084357246034e+00
3.985311186066789357e+00
3.985289999952112527e+00
3.985268324946857454e+00
3.985252386080063047e+00
3.985236003361109614e+00
3.985212254651864683e+00
3.985190776769560905e+00
3.985176803254533606e+00
3.985155756822778450e+00
3.985137891767449592e+00
3.985119945774437955e+00
3.985102922080589583e+00
3.985086844183533206e+00
3.985066988320207670e+00
3.985045600513647202e+00
3.985030377032245941e+00
3.985010769204243797e+00
3.984996737596785632e+00
3.984979267439523465e+00
3.984961877567351873e+00
3.984954238085869793e+00
3.984941389867187489e+00
3.984930789629806736e+00
3.984926979679983550e+00
3.984918432912180730e+00
3.984918073913949144e+00
3.984917066108051742e+00
3.984912653694256068e+00
3.984920263802919749e+00
3.984923168424739703e+00
3.984930032469948813e+00
3.984941803694099338e+00
3.984946913217441544e+00
3.984952920889049288e+00
3.984959829972302803e+00
3.984967774928602324e+00
3.984979213263371456e+00
3.984980065068381982e+00
3.984992958977807032e+00
3.985016353910508347e+00
3.985045545032102066e+00
3.985084087077564341e+00
3.985122078876556895e+00
3.985164654756107705e+00
3.985208744302475292e+00
3.985252594299442563e+00
3.985302397791595119e+00
3.985363199030092840e+00
3.985430606487611271e+00
3.985505508522142915e+00
3.985598120916398202e+00
3.985698605814377071e+00
3.985826508382921851e+00
3.985991269621940170e+00
3.986197236020103674e+00
3.986467568182142873e+00
3.986809199995006381e+00
3.987237328178666829e+00
3.987764896901545786e+00
3.988352300831656816e+00
3.988974025641195631e+00
3.989603827257287350e+00
3.990220755198324198e+00
+++
5.876832244130014704e-01
5.875220522969316628e-01
5.873972476094372341e-01
5.873129367275883306e-01
5.872585518371101765e-01
5.872147586037561595e-01
5.871858375457392754e-01
5.871607949342333432e-01
5.871275606242862821e-01
5.870914437982530654e-01
5.870437789286653274e-01
5.869826286347983313e-01
5.869108590605985887e-01
5.868287527849930241e-01
5.867429017479454112e-01
5.866528603875731385e-01
5.865546962115689711e-01
5.864575894387895616e-01
5.863648938048595660e-01
5.862789284817494506e-01
5.861911695958634816e-01
5.861089596585884465e-01
5.860319602718260246e-01
5.859579666684500143e-01
5.858945618484219242e-01
5.858395820987011282e-01
5.857987243925351084e-01
5.857674535643232483e-01
5.857455085151088703e-01
5.857292038532314615e-01
5.857146068744741862e-01
5.856985782531215490e-01
5.856842642365029938e-01
5.856699077346916305e-01
5.856557755110023411e-01
5.856420909740295278e-01
5.856338905516516036e-01
5.856311761187961151e-01
5.856278798099937566e-01
5.856286547258001685e-01
5.856258832058546249e-01
5.856265277563313942e-01
5.856313587780330732e-01
5.856293426490267739e-01
5.856335377798681519e-01
5.856383986874781344e-01
5.856402328189851403e-01
5.856461514676768454e-01
5.856495244886691376e-01
5.856509651732701993e-01
5.856546210021136289e-01
5.856538654857199599e-01
5.856606204588281628e-01
5.856603367374684233e-01
5.856604082759976349e-01
5.856646762611773527e-01
5.856598656120016733e-01
5.856574369760358945e-01
5.856516064227049734e-01
5.856506645189348825e-01
5.856544308479824101e-01
5.856532805189339497e-01
5.856551837672993033e-01
5.856580493567915546e-01
5.856604228728413686e-01
5.856671955136796281e-01
5.856717530878978728e-01
5.856786472120220077e-01
5.856833512150644294e-01
5.856891393497446474e-01
5.856909881904506232e-01
5.856887212105131857e-01
5.856935295150569321e-01
5.856947590530928727e-01
5.856968716448014423e-01
5.857009167795214077e-01
5.856991825925212947e-01
5.857038472321789424e-01
5.857076857650430624e-01
5.857055892077315251e-01
5.857072523362728544e-01
5.857055808309407086e-01
5.857099602783679693e-01
5.857155425379454439e-01
5.857132951385793929e-01
5.857188906389336758e-01
5.857221451999358175e-01
5.857269589631688422e-01
5.857323877159489323e-01
5.857280830052546960e-01
5.857311884475577823e-01
5.857325106404345227e-01
5.857308942305632371e-01
5.857383344651037049e-01
5.857424219876893323e-01
5.857502676866467306e-01
5.857629313612402466e-01
5.857758754227451181e-01
5.857884453981976325e-01
5.858024564645345489e-01
5.858231554122724782e-01
5.858521810496630788e-01
5.858856763942171808e-01
5.859362731396816626e-01
5.860024661118387046e-01
5.860837844104832550e-01
5.861760852034497704e-01
5.862698166296703706e-01
5.863730569913471191e-01
5.864787704491033482e-01
5.865898865184251409e-01
5.867048259649826347e-01
5.868214156585306318e-01
5.869425656610610664e-01
5.870614449485538344e-01
5.871866326217485277e-01
5.873126574569564884e-01
5.874404671029898051e-01
5.875786632630521922e-01
5.877098474458098964e-01
5.878379734865604167e-01
5.879628933662223167e-01
5.880818328405738038e-01
5.882177245509649932e-01
5.883433191593649969e-01
5.884561289967130682e-01
5.885724682116572071e-01
5.886777676170847906e-01
